[gd_scene load_steps=2 format=2]

[ext_resource path="res://Import/proto4.glb" type="PackedScene" id=1]

[node name="proto4" instance=ExtResource( 1 )]

[node name="Armature" parent="." index="0"]
editor/display_folded = true

[node name="bpelvis" parent="Armature" index="0"]
transform = Transform( 1, 0, 0, 0, 1, 0, 0, 0, 1, 0.00161898, -0.0975359, -0.133317 )

[node name="babs" parent="Armature/bpelvis" index="0"]
transform = Transform( 0.999327, -0.0246949, 0.0271129, 0.0275987, 0.993263, -0.112551, -0.0241508, 0.113223, 0.993276, 0, 0.147007, 0 )

[node name="bchest" parent="Armature/bpelvis/babs" index="0"]
transform = Transform( 0.999435, 0.0327831, 0.00735894, -0.0320763, 0.996163, -0.0814219, -0.00999997, 0.0811398, 0.996652, 0, 0.239941, 0 )

[node name="bneck" parent="Armature/bpelvis/babs/bchest" index="0"]
transform = Transform( 0.999992, -0.00390756, 0.0011286, 0.00401156, 0.993335, -0.115196, -0.00067094, 0.1152, 0.993342, -2.20131e-010, 0.355332, 0 )

[node name="bbicepL" parent="Armature/bpelvis/babs/bchest" index="1"]
transform = Transform( -0.883088, 0.380156, -0.275013, -0.270995, -0.891729, -0.362464, -0.383029, -0.245561, 0.890499, 0.298023, 0.223199, -0.0494956 )

[node name="bforearmL" parent="Armature/bpelvis/babs/bchest/bbicepL" index="0"]
transform = Transform( 0.344981, -0.229858, -0.910029, -0.885648, -0.400797, -0.234503, -0.310834, 0.886864, -0.34184, -2.92223e-008, 0.303619, 5.79449e-008 )

[node name="bbicepR" parent="Armature/bpelvis/babs/bchest" index="2"]
transform = Transform( -0.860041, -0.386122, 0.333519, 0.406738, -0.913502, -0.00872317, 0.308038, 0.128153, 0.942703, -0.298023, 0.223199, -0.0494956 )

[node name="bforearmR" parent="Armature/bpelvis/babs/bchest/bbicepR" index="0"]
transform = Transform( 0.194676, 0.244805, 0.949827, 0.943236, 0.218931, -0.249751, -0.269087, 0.944532, -0.188288, -6.39399e-008, 0.303619, 2.5905e-008 )

[node name="bthighL" parent="Armature/bpelvis" index="1"]
transform = Transform( -0.997667, 0.0641547, -0.0242439, -0.0638374, -0.997868, -0.0136971, -0.0250709, -0.012117, 0.999636, 0.126709, -0.0264957, 0.00841693 )

[node name="bcalfL" parent="Armature/bpelvis/bthighL" index="0"]
transform = Transform( -0.00663852, -0.0316821, -0.999476, 0.385265, 0.922256, -0.0317934, 0.922781, -0.385274, 0.00608355, 3.99634e-008, 0.527108, -3.31181e-008 )

[node name="bthighR" parent="Armature/bpelvis" index="2"]
transform = Transform( -0.998927, -0.044282, 0.0150572, 0.0467491, -0.955495, 0.291291, 0.00148813, 0.29167, 0.956541, -0.126709, -0.0264957, 0.00841694 )

[node name="bcalfR" parent="Armature/bpelvis/bthighR" index="0"]
transform = Transform( -0.0120075, 0.0422979, 0.999033, -0.514357, 0.856522, -0.0424466, -0.857491, -0.514367, 0.0114717, -1.68249e-008, 0.527108, -3.22002e-008 )

[node name="heelIKL" parent="Armature" index="2"]
transform = Transform( 1, 0, 0, 0, 0, 1, 0, -1, 0, 0.224348, -1.21756, -0.376987 )

[node name="bfootL" parent="Armature/heelIKL" index="0"]
transform = Transform( -0.0859042, 0.043678, 0.995345, -0.438951, -0.89851, 0.00154447, 0.894395, -0.436776, 0.0963581, -5.73516e-007, 1.97099e-007, -1.41158e-005 )

[node name="elbowIKL" parent="Armature" index="3"]
transform = Transform( 0.999899, -0.00594293, -0.012909, 0.0129194, 0.00170958, 0.999915, -0.00592035, -0.999981, 0.00178617, 0.483879, 0.437958, -0.458068 )

[node name="wristIKL" parent="Armature" index="4"]
transform = Transform( 1, 0, 0, 0, 0, 1, 0, -1, 0, 0.342936, 0.228276, 0.130008 )

[node name="bhandL" parent="Armature/wristIKL" index="0"]
transform = Transform( -0.0649732, -0.0374639, 0.997184, 0.623952, -0.781381, 0.0112984, 0.778757, 0.622929, 0.0741445, -1.20113e-006, -1.45584e-005, -3.5433e-006 )

[node name="heelIKR" parent="Armature" index="6"]
transform = Transform( 1, 0, 0, 0, 0, 1, 0, -1, 0, -0.203026, -1.22852, -0.12147 )

[node name="bfootR" parent="Armature/heelIKR" index="0"]
transform = Transform( -0.0859041, -0.0436779, -0.995344, 0.438951, -0.898509, 0.00154447, -0.894395, -0.436776, 0.0963581, -3.27641e-006, -2.95566e-006, -1.67661e-005 )

[node name="elbowIKR" parent="Armature" index="7"]
transform = Transform( 1, 0, 0, 0, 0, 1, 0, -1, 0, -0.608746, 0.226302, -0.363371 )

[node name="wristIKR" parent="Armature" index="8"]
transform = Transform( 1, 0, 0, 0, 0, 1, 0, -1, 0, -0.398884, 0.122068, 0.259106 )

[node name="bhandR" parent="Armature/wristIKR" index="0"]
transform = Transform( -0.111874, 0.20705, -0.971913, -0.253871, -0.951552, -0.17349, -0.960747, 0.227331, 0.159018, -1.65433e-006, -2.41307e-005, -1.54336e-005 )
